00000000
00010000
00000000
10010011
00000000
10100000
00000110
00010011
00000000
11000101
01111100
00100011
00000000
11100111
00001110
10110011
00000001
11011110
10001110
10110011
00000001
11011110
10001110
10110011
00000001
11010101
00001110
10110011
00000000
00001110
10111110
00000011
01000000
00010011
00000011
00110011
00000000
00010110
10000110
10010011
00000001
11000000
00000110
01100111
00000000
10111110
10110000
00100011
00000000
10100111
00000111
00010011
11111101
10011111
11110000
01101111	
00000000
11001110
10110000
00100011
11111111
11111111
11111111
11111111