01000001
11011110
00001111
00110011
00000001
11101111
00000110
00110011
00000000
11000110
00000110
00110011
00000000
11000110
00000110
00110011
00000000
11010110
00000110
00110011
00000000
00000110
00111111
00000011
00000000
10000111
00111101
10000011
00000001
11101101
10000110
01100111
00000000
10101110
10001110
10110011
11111101
11011111
11110000
01101111
00000000
00000111
00111111
00000011
00000001
11011110
10000110
00110011
00000000
11000110
00000110
00110011
00000000
11000110
00000110
00110011
00000000
11010110
00000110
00110011
00000001
11100110
00110000
00100011
11111111
11111111
11111111
11111111
